0.041666666666666664 0.041666666666666664 0.041666666666666664 0.20833333333333334 0.041666666666666664 0.041666666666666664 0.041666666666666664 0.041666666666666664 0.041666666666666664 0.041666666666666664 0.041666666666666664 0.041666666666666664 0.041666666666666664 0.041666666666666664 0.041666666666666664 0.041666666666666664 0.041666666666666664 0.041666666666666664 0.041666666666666664 0.041666666666666664 
0.010638297872340425 0.010638297872340425 0.010638297872340425 0.13829787234042554 0.32978723404255317 0.010638297872340425 0.031914893617021274 0.010638297872340425 0.010638297872340425 0.010638297872340425 0.07446808510638298 0.031914893617021274 0.05319148936170213 0.010638297872340425 0.010638297872340425 0.1595744680851064 0.010638297872340425 0.010638297872340425 0.010638297872340425 0.05319148936170213 
0.029411764705882353 0.029411764705882353 0.029411764705882353 0.08823529411764706 0.029411764705882353 0.029411764705882353 0.029411764705882353 0.029411764705882353 0.14705882352941177 0.029411764705882353 0.029411764705882353 0.029411764705882353 0.029411764705882353 0.029411764705882353 0.029411764705882353 0.029411764705882353 0.029411764705882353 0.029411764705882353 0.2647058823529412 0.029411764705882353 
0.029069767441860465 0.005813953488372093 0.005813953488372093 0.005813953488372093 0.01744186046511628 0.005813953488372093 0.12209302325581395 0.01744186046511628 0.19186046511627908 0.06395348837209303 0.029069767441860465 0.005813953488372093 0.01744186046511628 0.040697674418604654 0.18023255813953487 0.005813953488372093 0.005813953488372093 0.01744186046511628 0.005813953488372093 0.22674418604651161 
0.016666666666666666 0.016666666666666666 0.016666666666666666 0.016666666666666666 0.016666666666666666 0.016666666666666666 0.016666666666666666 0.016666666666666666 0.016666666666666666 0.016666666666666666 0.016666666666666666 0.016666666666666666 0.016666666666666666 0.016666666666666666 0.016666666666666666 0.2833333333333333 0.016666666666666666 0.016666666666666666 0.4166666666666667 0.016666666666666666 
0.013157894736842105 0.013157894736842105 0.2236842105263158 0.013157894736842105 0.06578947368421052 0.013157894736842105 0.013157894736842105 0.013157894736842105 0.06578947368421052 0.039473684210526314 0.013157894736842105 0.013157894736842105 0.013157894736842105 0.039473684210526314 0.013157894736842105 0.039473684210526314 0.013157894736842105 0.013157894736842105 0.35526315789473684 0.013157894736842105 
0.03125 0.03125 0.09375 0.03125 0.03125 0.03125 0.03125 0.03125 0.03125 0.03125 0.03125 0.03125 0.03125 0.03125 0.03125 0.03125 0.03125 0.03125 0.34375 0.03125 
0.03333333333333333 0.03333333333333333 0.16666666666666666 0.03333333333333333 0.03333333333333333 0.03333333333333333 0.03333333333333333 0.03333333333333333 0.03333333333333333 0.03333333333333333 0.03333333333333333 0.03333333333333333 0.03333333333333333 0.03333333333333333 0.03333333333333333 0.03333333333333333 0.03333333333333333 0.1 0.16666666666666666 0.03333333333333333 
0.20588235294117646 0.029411764705882353 0.029411764705882353 0.029411764705882353 0.029411764705882353 0.029411764705882353 0.029411764705882353 0.029411764705882353 0.029411764705882353 0.029411764705882353 0.029411764705882353 0.029411764705882353 0.029411764705882353 0.029411764705882353 0.029411764705882353 0.029411764705882353 0.029411764705882353 0.029411764705882353 0.2647058823529412 0.029411764705882353 
0.011627906976744186 0.03488372093023256 0.011627906976744186 0.011627906976744186 0.08139534883720931 0.05813953488372093 0.011627906976744186 0.011627906976744186 0.011627906976744186 0.011627906976744186 0.03488372093023256 0.011627906976744186 0.011627906976744186 0.011627906976744186 0.05813953488372093 0.011627906976744186 0.011627906976744186 0.03488372093023256 0.5465116279069767 0.011627906976744186 
0.04716981132075472 0.009433962264150943 0.6320754716981132 0.009433962264150943 0.009433962264150943 0.009433962264150943 0.009433962264150943 0.009433962264150943 0.02830188679245283 0.009433962264150943 0.04716981132075472 0.02830188679245283 0.009433962264150943 0.009433962264150943 0.009433962264150943 0.02830188679245283 0.02830188679245283 0.02830188679245283 0.009433962264150943 0.02830188679245283 
0.08823529411764706 0.029411764705882353 0.14705882352941177 0.029411764705882353 0.029411764705882353 0.029411764705882353 0.029411764705882353 0.029411764705882353 0.029411764705882353 0.029411764705882353 0.029411764705882353 0.029411764705882353 0.029411764705882353 0.029411764705882353 0.029411764705882353 0.029411764705882353 0.029411764705882353 0.029411764705882353 0.2647058823529412 0.029411764705882353 
0.029411764705882353 0.029411764705882353 0.3235294117647059 0.029411764705882353 0.029411764705882353 0.029411764705882353 0.029411764705882353 0.029411764705882353 0.029411764705882353 0.029411764705882353 0.029411764705882353 0.029411764705882353 0.029411764705882353 0.029411764705882353 0.029411764705882353 0.029411764705882353 0.029411764705882353 0.029411764705882353 0.14705882352941177 0.029411764705882353 
0.029411764705882353 0.029411764705882353 0.08823529411764706 0.029411764705882353 0.029411764705882353 0.029411764705882353 0.029411764705882353 0.029411764705882353 0.029411764705882353 0.029411764705882353 0.08823529411764706 0.029411764705882353 0.029411764705882353 0.029411764705882353 0.029411764705882353 0.029411764705882353 0.029411764705882353 0.029411764705882353 0.3235294117647059 0.029411764705882353 
0.007042253521126761 0.007042253521126761 0.007042253521126761 0.007042253521126761 0.007042253521126761 0.007042253521126761 0.007042253521126761 0.007042253521126761 0.007042253521126761 0.007042253521126761 0.02112676056338028 0.007042253521126761 0.007042253521126761 0.02112676056338028 0.007042253521126761 0.007042253521126761 0.007042253521126761 0.007042253521126761 0.8380281690140845 0.007042253521126761 
0.029411764705882353 0.00980392156862745 0.029411764705882353 0.049019607843137254 0.00980392156862745 0.00980392156862745 0.00980392156862745 0.00980392156862745 0.00980392156862745 0.00980392156862745 0.00980392156862745 0.00980392156862745 0.00980392156862745 0.029411764705882353 0.049019607843137254 0.3431372549019608 0.00980392156862745 0.029411764705882353 0.22549019607843138 0.10784313725490197 
0.009615384615384616 0.009615384615384616 0.009615384615384616 0.009615384615384616 0.009615384615384616 0.009615384615384616 0.028846153846153848 0.009615384615384616 0.028846153846153848 0.028846153846153848 0.009615384615384616 0.009615384615384616 0.009615384615384616 0.009615384615384616 0.009615384615384616 0.04807692307692308 0.009615384615384616 0.009615384615384616 0.7211538461538461 0.009615384615384616 
0.1 0.011111111111111112 0.25555555555555554 0.011111111111111112 0.1 0.011111111111111112 0.011111111111111112 0.011111111111111112 0.011111111111111112 0.011111111111111112 0.03333333333333333 0.011111111111111112 0.011111111111111112 0.011111111111111112 0.011111111111111112 0.011111111111111112 0.011111111111111112 0.011111111111111112 0.34444444444444444 0.011111111111111112 
0.011904761904761904 0.011904761904761904 0.13095238095238096 0.03571428571428571 0.05952380952380952 0.03571428571428571 0.03571428571428571 0.011904761904761904 0.011904761904761904 0.03571428571428571 0.011904761904761904 0.011904761904761904 0.05952380952380952 0.011904761904761904 0.011904761904761904 0.011904761904761904 0.011904761904761904 0.03571428571428571 0.44047619047619047 0.011904761904761904 
0.014619883040935672 0.0029239766081871343 0.804093567251462 0.008771929824561403 0.0029239766081871343 0.008771929824561403 0.0029239766081871343 0.0029239766081871343 0.008771929824561403 0.014619883040935672 0.0029239766081871343 0.008771929824561403 0.008771929824561403 0.014619883040935672 0.02631578947368421 0.02046783625730994 0.0029239766081871343 0.0029239766081871343 0.038011695906432746 0.0029239766081871343 
0.08139534883720931 0.03488372093023256 0.011627906976744186 0.011627906976744186 0.03488372093023256 0.011627906976744186 0.011627906976744186 0.011627906976744186 0.011627906976744186 0.011627906976744186 0.011627906976744186 0.011627906976744186 0.011627906976744186 0.011627906976744186 0.011627906976744186 0.011627906976744186 0.03488372093023256 0.011627906976744186 0.6162790697674418 0.03488372093023256 
0.010416666666666666 0.010416666666666666 0.010416666666666666 0.010416666666666666 0.010416666666666666 0.010416666666666666 0.010416666666666666 0.010416666666666666 0.010416666666666666 0.010416666666666666 0.052083333333333336 0.010416666666666666 0.010416666666666666 0.010416666666666666 0.010416666666666666 0.010416666666666666 0.010416666666666666 0.010416666666666666 0.7604166666666666 0.010416666666666666 
0.013513513513513514 0.013513513513513514 0.013513513513513514 0.04054054054054054 0.013513513513513514 0.013513513513513514 0.06756756756756757 0.013513513513513514 0.013513513513513514 0.013513513513513514 0.013513513513513514 0.013513513513513514 0.04054054054054054 0.013513513513513514 0.013513513513513514 0.013513513513513514 0.013513513513513514 0.013513513513513514 0.6351351351351351 0.013513513513513514 
0.016908212560386472 0.0024154589371980675 0.0024154589371980675 0.07004830917874397 0.0893719806763285 0.036231884057971016 0.0024154589371980675 0.026570048309178744 0.036231884057971016 0.0024154589371980675 0.012077294685990338 0.007246376811594203 0.08454106280193237 0.0024154589371980675 0.021739130434782608 0.007246376811594203 0.021739130434782608 0.007246376811594203 0.0024154589371980675 0.5483091787439613 
0.022058823529411766 0.007352941176470588 0.007352941176470588 0.022058823529411766 0.022058823529411766 0.007352941176470588 0.007352941176470588 0.007352941176470588 0.03676470588235294 0.007352941176470588 0.007352941176470588 0.007352941176470588 0.007352941176470588 0.022058823529411766 0.09558823529411764 0.34558823529411764 0.007352941176470588 0.007352941176470588 0.3014705882352941 0.051470588235294115 
0.041666666666666664 0.001984126984126984 0.5575396825396826 0.0496031746031746 0.04563492063492063 0.06547619047619048 0.001984126984126984 0.001984126984126984 0.00992063492063492 0.041666666666666664 0.021825396825396824 0.005952380952380952 0.001984126984126984 0.001984126984126984 0.001984126984126984 0.00992063492063492 0.005952380952380952 0.0496031746031746 0.04563492063492063 0.037698412698412696 
0.0018050541516245488 0.023465703971119134 0.005415162454873646 0.03429602888086643 0.009025270758122744 0.0018050541516245488 0.29061371841155237 0.0018050541516245488 0.0018050541516245488 0.11010830324909747 0.0018050541516245488 0.0018050541516245488 0.13898916967509026 0.0018050541516245488 0.0018050541516245488 0.05956678700361011 0.009025270758122744 0.0018050541516245488 0.016245487364620937 0.2870036101083033 
0.005555555555555556 0.005555555555555556 0.005555555555555556 0.005555555555555556 0.005555555555555556 0.005555555555555556 0.016666666666666666 0.005555555555555556 0.005555555555555556 0.005555555555555556 0.005555555555555556 0.005555555555555556 0.005555555555555556 0.005555555555555556 0.005555555555555556 0.8055555555555556 0.005555555555555556 0.08333333333333333 0.005555555555555556 0.005555555555555556 
0.011904761904761904 0.011904761904761904 0.03571428571428571 0.011904761904761904 0.011904761904761904 0.011904761904761904 0.011904761904761904 0.011904761904761904 0.011904761904761904 0.03571428571428571 0.011904761904761904 0.03571428571428571 0.03571428571428571 0.011904761904761904 0.03571428571428571 0.03571428571428571 0.011904761904761904 0.011904761904761904 0.6309523809523809 0.011904761904761904 
0.03048780487804878 0.006097560975609756 0.18902439024390244 0.03048780487804878 0.03048780487804878 0.03048780487804878 0.006097560975609756 0.03048780487804878 0.018292682926829267 0.018292682926829267 0.1402439024390244 0.006097560975609756 0.03048780487804878 0.006097560975609756 0.006097560975609756 0.03048780487804878 0.11585365853658537 0.006097560975609756 0.006097560975609756 0.2621951219512195 
0.02054794520547945 0.00684931506849315 0.13013698630136986 0.00684931506849315 0.00684931506849315 0.00684931506849315 0.00684931506849315 0.00684931506849315 0.00684931506849315 0.00684931506849315 0.3356164383561644 0.00684931506849315 0.00684931506849315 0.00684931506849315 0.00684931506849315 0.15753424657534246 0.00684931506849315 0.07534246575342465 0.18493150684931506 0.00684931506849315 
0.010638297872340425 0.1453900709219858 0.01773049645390071 0.04609929078014184 0.010638297872340425 0.010638297872340425 0.0673758865248227 0.0035460992907801418 0.03900709219858156 0.010638297872340425 0.34397163120567376 0.010638297872340425 0.07446808510638298 0.03900709219858156 0.024822695035460994 0.06028368794326241 0.024822695035460994 0.0035460992907801418 0.010638297872340425 0.04609929078014184 
0.007894736842105263 0.002631578947368421 0.002631578947368421 0.002631578947368421 0.002631578947368421 0.05 0.060526315789473685 0.018421052631578946 0.02368421052631579 0.002631578947368421 0.002631578947368421 0.002631578947368421 0.002631578947368421 0.002631578947368421 0.11315789473684211 0.007894736842105263 0.013157894736842105 0.002631578947368421 0.013157894736842105 0.6657894736842105 
0.05737704918032787 0.00819672131147541 0.00819672131147541 0.00819672131147541 0.00819672131147541 0.00819672131147541 0.00819672131147541 0.00819672131147541 0.00819672131147541 0.00819672131147541 0.6639344262295082 0.00819672131147541 0.00819672131147541 0.00819672131147541 0.00819672131147541 0.13934426229508196 0.00819672131147541 0.00819672131147541 0.00819672131147541 0.00819672131147541 
0.07773109243697479 0.01050420168067227 0.0021008403361344537 0.1407563025210084 0.0021008403361344537 0.0021008403361344537 0.06512605042016807 0.0063025210084033615 0.03571428571428571 0.19957983193277312 0.0021008403361344537 0.018907563025210083 0.3172268907563025 0.0063025210084033615 0.01050420168067227 0.0021008403361344537 0.03571428571428571 0.018907563025210083 0.0021008403361344537 0.04411764705882353 
0.004807692307692308 0.004807692307692308 0.004807692307692308 0.004807692307692308 0.004807692307692308 0.03365384615384615 0.02403846153846154 0.014423076923076924 0.7740384615384616 0.014423076923076924 0.004807692307692308 0.004807692307692308 0.004807692307692308 0.004807692307692308 0.014423076923076924 0.02403846153846154 0.004807692307692308 0.004807692307692308 0.004807692307692308 0.04326923076923077 
0.00909090909090909 0.045454545454545456 0.1 0.00909090909090909 0.00909090909090909 0.00909090909090909 0.00909090909090909 0.02727272727272727 0.00909090909090909 0.00909090909090909 0.00909090909090909 0.02727272727272727 0.00909090909090909 0.00909090909090909 0.5545454545454546 0.045454545454545456 0.02727272727272727 0.06363636363636363 0.00909090909090909 0.00909090909090909 
0.027777777777777776 0.027777777777777776 0.027777777777777776 0.027777777777777776 0.027777777777777776 0.08333333333333333 0.027777777777777776 0.08333333333333333 0.027777777777777776 0.027777777777777776 0.027777777777777776 0.027777777777777776 0.027777777777777776 0.027777777777777776 0.19444444444444445 0.027777777777777776 0.027777777777777776 0.08333333333333333 0.1388888888888889 0.027777777777777776 
0.009433962264150943 0.02830188679245283 0.0660377358490566 0.02830188679245283 0.04716981132075472 0.02830188679245283 0.009433962264150943 0.02830188679245283 0.009433962264150943 0.009433962264150943 0.009433962264150943 0.009433962264150943 0.009433962264150943 0.02830188679245283 0.16037735849056603 0.10377358490566038 0.009433962264150943 0.2169811320754717 0.1792452830188679 0.009433962264150943 
0.08181818181818182 0.00909090909090909 0.00909090909090909 0.00909090909090909 0.00909090909090909 0.00909090909090909 0.00909090909090909 0.00909090909090909 0.00909090909090909 0.00909090909090909 0.00909090909090909 0.00909090909090909 0.00909090909090909 0.00909090909090909 0.045454545454545456 0.045454545454545456 0.4818181818181818 0.00909090909090909 0.20909090909090908 0.00909090909090909 
0.7395833333333334 0.010416666666666666 0.010416666666666666 0.010416666666666666 0.010416666666666666 0.010416666666666666 0.010416666666666666 0.010416666666666666 0.010416666666666666 0.010416666666666666 0.03125 0.010416666666666666 0.010416666666666666 0.010416666666666666 0.052083333333333336 0.010416666666666666 0.010416666666666666 0.010416666666666666 0.010416666666666666 0.010416666666666666 
0.008620689655172414 0.008620689655172414 0.008620689655172414 0.04310344827586207 0.008620689655172414 0.008620689655172414 0.11206896551724138 0.04310344827586207 0.02586206896551724 0.008620689655172414 0.008620689655172414 0.1810344827586207 0.008620689655172414 0.008620689655172414 0.33620689655172414 0.008620689655172414 0.008620689655172414 0.04310344827586207 0.11206896551724138 0.008620689655172414 
0.05172413793103448 0.005747126436781609 0.005747126436781609 0.15517241379310345 0.005747126436781609 0.017241379310344827 0.005747126436781609 0.017241379310344827 0.017241379310344827 0.005747126436781609 0.5689655172413793 0.005747126436781609 0.028735632183908046 0.005747126436781609 0.017241379310344827 0.005747126436781609 0.005747126436781609 0.06321839080459771 0.005747126436781609 0.005747126436781609 
0.007246376811594203 0.021739130434782608 0.036231884057971016 0.021739130434782608 0.007246376811594203 0.007246376811594203 0.13768115942028986 0.32608695652173914 0.10869565217391304 0.007246376811594203 0.007246376811594203 0.007246376811594203 0.007246376811594203 0.007246376811594203 0.021739130434782608 0.007246376811594203 0.007246376811594203 0.007246376811594203 0.21014492753623187 0.036231884057971016 
0.01293103448275862 0.004310344827586207 0.004310344827586207 0.004310344827586207 0.01293103448275862 0.021551724137931036 0.004310344827586207 0.004310344827586207 0.03017241379310345 0.06465517241379311 0.03879310344827586 0.004310344827586207 0.004310344827586207 0.004310344827586207 0.021551724137931036 0.46120689655172414 0.004310344827586207 0.004310344827586207 0.2801724137931034 0.01293103448275862 
0.45652173913043476 0.021739130434782608 0.021739130434782608 0.021739130434782608 0.021739130434782608 0.021739130434782608 0.021739130434782608 0.06521739130434782 0.021739130434782608 0.06521739130434782 0.021739130434782608 0.021739130434782608 0.021739130434782608 0.021739130434782608 0.06521739130434782 0.021739130434782608 0.021739130434782608 0.021739130434782608 0.021739130434782608 0.021739130434782608 
0.011111111111111112 0.16666666666666666 0.03333333333333333 0.011111111111111112 0.011111111111111112 0.011111111111111112 0.1 0.011111111111111112 0.011111111111111112 0.03333333333333333 0.05555555555555555 0.34444444444444444 0.07777777777777778 0.05555555555555555 0.011111111111111112 0.011111111111111112 0.011111111111111112 0.011111111111111112 0.011111111111111112 0.011111111111111112 
0.6621621621621622 0.013513513513513514 0.013513513513513514 0.013513513513513514 0.013513513513513514 0.013513513513513514 0.013513513513513514 0.013513513513513514 0.013513513513513514 0.013513513513513514 0.013513513513513514 0.013513513513513514 0.013513513513513514 0.013513513513513514 0.013513513513513514 0.013513513513513514 0.04054054054054054 0.04054054054054054 0.013513513513513514 0.04054054054054054 
0.006024096385542169 0.3393574297188755 0.002008032128514056 0.03815261044176707 0.018072289156626505 0.03815261044176707 0.19076305220883535 0.010040160642570281 0.010040160642570281 0.002008032128514056 0.006024096385542169 0.142570281124498 0.002008032128514056 0.1465863453815261 0.002008032128514056 0.006024096385542169 0.002008032128514056 0.018072289156626505 0.018072289156626505 0.002008032128514056 
0.004132231404958678 0.028925619834710745 0.02066115702479339 0.012396694214876033 0.004132231404958678 0.045454545454545456 0.06198347107438017 0.49173553719008267 0.012396694214876033 0.028925619834710745 0.004132231404958678 0.07024793388429752 0.012396694214876033 0.0371900826446281 0.09504132231404959 0.028925619834710745 0.012396694214876033 0.004132231404958678 0.004132231404958678 0.02066115702479339 
0.55 0.007142857142857143 0.007142857142857143 0.007142857142857143 0.007142857142857143 0.007142857142857143 0.007142857142857143 0.02142857142857143 0.007142857142857143 0.007142857142857143 0.2785714285714286 0.007142857142857143 0.007142857142857143 0.007142857142857143 0.007142857142857143 0.007142857142857143 0.02142857142857143 0.02142857142857143 0.007142857142857143 0.007142857142857143 
0.022058823529411766 0.007352941176470588 0.03676470588235294 0.022058823529411766 0.022058823529411766 0.022058823529411766 0.007352941176470588 0.007352941176470588 0.022058823529411766 0.007352941176470588 0.03676470588235294 0.007352941176470588 0.21323529411764705 0.007352941176470588 0.007352941176470588 0.08088235294117647 0.022058823529411766 0.007352941176470588 0.4338235294117647 0.007352941176470588 
0.011627906976744186 0.011627906976744186 0.011627906976744186 0.011627906976744186 0.011627906976744186 0.011627906976744186 0.011627906976744186 0.011627906976744186 0.011627906976744186 0.011627906976744186 0.011627906976744186 0.03488372093023256 0.011627906976744186 0.011627906976744186 0.03488372093023256 0.7093023255813954 0.011627906976744186 0.011627906976744186 0.03488372093023256 0.011627906976744186 
0.009615384615384616 0.009615384615384616 0.009615384615384616 0.009615384615384616 0.4519230769230769 0.009615384615384616 0.009615384615384616 0.04807692307692308 0.009615384615384616 0.009615384615384616 0.009615384615384616 0.009615384615384616 0.009615384615384616 0.009615384615384616 0.009615384615384616 0.2980769230769231 0.028846153846153848 0.009615384615384616 0.009615384615384616 0.028846153846153848 
0.008333333333333333 0.008333333333333333 0.6916666666666667 0.008333333333333333 0.008333333333333333 0.008333333333333333 0.025 0.008333333333333333 0.008333333333333333 0.008333333333333333 0.041666666666666664 0.008333333333333333 0.008333333333333333 0.008333333333333333 0.008333333333333333 0.008333333333333333 0.058333333333333334 0.025 0.041666666666666664 0.008333333333333333 
0.03125 0.03125 0.28125 0.03125 0.03125 0.03125 0.03125 0.03125 0.03125 0.03125 0.03125 0.09375 0.03125 0.03125 0.09375 0.03125 0.03125 0.03125 0.03125 0.03125 
0.013157894736842105 0.013157894736842105 0.6710526315789473 0.013157894736842105 0.013157894736842105 0.013157894736842105 0.013157894736842105 0.013157894736842105 0.013157894736842105 0.013157894736842105 0.013157894736842105 0.013157894736842105 0.013157894736842105 0.013157894736842105 0.039473684210526314 0.039473684210526314 0.013157894736842105 0.039473684210526314 0.013157894736842105 0.013157894736842105 
0.003676470588235294 0.06985294117647059 0.011029411764705883 0.025735294117647058 0.003676470588235294 0.01838235294117647 0.10661764705882353 0.003676470588235294 0.003676470588235294 0.011029411764705883 0.025735294117647058 0.05514705882352941 0.0625 0.5551470588235294 0.01838235294117647 0.003676470588235294 0.003676470588235294 0.011029411764705883 0.003676470588235294 0.003676470588235294 
0.027777777777777776 0.027777777777777776 0.08333333333333333 0.027777777777777776 0.08333333333333333 0.027777777777777776 0.027777777777777776 0.027777777777777776 0.027777777777777776 0.027777777777777776 0.027777777777777776 0.027777777777777776 0.027777777777777776 0.1388888888888889 0.08333333333333333 0.027777777777777776 0.08333333333333333 0.027777777777777776 0.027777777777777776 0.1388888888888889 
0.006578947368421052 0.006578947368421052 0.07236842105263158 0.006578947368421052 0.006578947368421052 0.006578947368421052 0.006578947368421052 0.006578947368421052 0.006578947368421052 0.006578947368421052 0.006578947368421052 0.006578947368421052 0.006578947368421052 0.006578947368421052 0.006578947368421052 0.6381578947368421 0.019736842105263157 0.006578947368421052 0.09868421052631579 0.07236842105263158 
0.0022935779816513763 0.02522935779816514 0.0022935779816513763 0.016055045871559634 0.04357798165137615 0.052752293577981654 0.07110091743119266 0.0022935779816513763 0.0022935779816513763 0.06651376146788991 0.0022935779816513763 0.0022935779816513763 0.13073394495412843 0.02981651376146789 0.0389908256880734 0.016055045871559634 0.0022935779816513763 0.006880733944954129 0.006880733944954129 0.4793577981651376 
0.0056179775280898875 0.028089887640449437 0.0056179775280898875 0.016853932584269662 0.2752808988764045 0.016853932584269662 0.06179775280898876 0.0056179775280898875 0.0056179775280898875 0.0056179775280898875 0.03932584269662921 0.0056179775280898875 0.028089887640449437 0.0056179775280898875 0.05056179775280899 0.3202247191011236 0.016853932584269662 0.09550561797752809 0.0056179775280898875 0.0056179775280898875 
0.011111111111111112 0.011111111111111112 0.011111111111111112 0.07777777777777778 0.011111111111111112 0.011111111111111112 0.03333333333333333 0.011111111111111112 0.011111111111111112 0.2111111111111111 0.011111111111111112 0.2111111111111111 0.011111111111111112 0.011111111111111112 0.011111111111111112 0.25555555555555554 0.011111111111111112 0.011111111111111112 0.011111111111111112 0.05555555555555555 
0.01020408163265306 0.05102040816326531 0.030612244897959183 0.01020408163265306 0.01020408163265306 0.17346938775510204 0.09183673469387756 0.01020408163265306 0.07142857142857142 0.09183673469387756 0.030612244897959183 0.030612244897959183 0.01020408163265306 0.01020408163265306 0.01020408163265306 0.01020408163265306 0.01020408163265306 0.2755102040816326 0.01020408163265306 0.05102040816326531 
0.005494505494505495 0.005494505494505495 0.005494505494505495 0.005494505494505495 0.1813186813186813 0.005494505494505495 0.016483516483516484 0.005494505494505495 0.005494505494505495 0.005494505494505495 0.016483516483516484 0.005494505494505495 0.005494505494505495 0.016483516483516484 0.5659340659340659 0.005494505494505495 0.005494505494505495 0.005494505494505495 0.12637362637362637 0.005494505494505495 
0.0032258064516129032 0.06129032258064516 0.0032258064516129032 0.02903225806451613 0.22903225806451613 0.02258064516129032 0.2806451612903226 0.02258064516129032 0.0032258064516129032 0.00967741935483871 0.041935483870967745 0.0032258064516129032 0.02258064516129032 0.016129032258064516 0.0032258064516129032 0.02903225806451613 0.035483870967741936 0.00967741935483871 0.00967741935483871 0.16451612903225807 
0.011111111111111112 0.011111111111111112 0.011111111111111112 0.011111111111111112 0.011111111111111112 0.011111111111111112 0.011111111111111112 0.011111111111111112 0.011111111111111112 0.011111111111111112 0.011111111111111112 0.12222222222222222 0.011111111111111112 0.011111111111111112 0.6777777777777778 0.011111111111111112 0.011111111111111112 0.011111111111111112 0.011111111111111112 0.011111111111111112 
0.003787878787878788 0.4053030303030303 0.003787878787878788 0.04924242424242424 0.14772727272727273 0.011363636363636364 0.003787878787878788 0.06439393939393939 0.003787878787878788 0.041666666666666664 0.07196969696969698 0.07196969696969698 0.01893939393939394 0.026515151515151516 0.003787878787878788 0.026515151515151516 0.011363636363636364 0.003787878787878788 0.003787878787878788 0.026515151515151516 
0.025 0.025 0.075 0.025 0.025 0.025 0.025 0.025 0.075 0.025 0.025 0.025 0.025 0.025 0.075 0.375 0.025 0.025 0.025 0.025 
0.024271844660194174 0.0048543689320388345 0.0048543689320388345 0.0048543689320388345 0.014563106796116505 0.03398058252427184 0.0048543689320388345 0.0048543689320388345 0.05339805825242718 0.03398058252427184 0.0048543689320388345 0.0048543689320388345 0.0048543689320388345 0.03398058252427184 0.05339805825242718 0.05339805825242718 0.0048543689320388345 0.03398058252427184 0.32524271844660196 0.2961165048543689 
0.09375 0.010416666666666666 0.010416666666666666 0.010416666666666666 0.010416666666666666 0.010416666666666666 0.010416666666666666 0.010416666666666666 0.03125 0.010416666666666666 0.010416666666666666 0.010416666666666666 0.010416666666666666 0.010416666666666666 0.6770833333333334 0.03125 0.010416666666666666 0.010416666666666666 0.010416666666666666 0.010416666666666666 
0.02631578947368421 0.07894736842105263 0.13157894736842105 0.02631578947368421 0.02631578947368421 0.02631578947368421 0.02631578947368421 0.02631578947368421 0.02631578947368421 0.02631578947368421 0.13157894736842105 0.02631578947368421 0.07894736842105263 0.02631578947368421 0.02631578947368421 0.02631578947368421 0.02631578947368421 0.02631578947368421 0.18421052631578946 0.02631578947368421 
0.075 0.075 0.125 0.025 0.025 0.025 0.025 0.025 0.075 0.075 0.175 0.025 0.075 0.025 0.025 0.025 0.025 0.025 0.025 0.025 
0.004201680672268907 0.012605042016806723 0.004201680672268907 0.004201680672268907 0.012605042016806723 0.19747899159663865 0.004201680672268907 0.029411764705882353 0.28991596638655465 0.004201680672268907 0.12184873949579832 0.046218487394957986 0.004201680672268907 0.012605042016806723 0.004201680672268907 0.004201680672268907 0.02100840336134454 0.07983193277310924 0.004201680672268907 0.13865546218487396 
0.6704545454545454 0.011363636363636364 0.011363636363636364 0.056818181818181816 0.011363636363636364 0.011363636363636364 0.056818181818181816 0.011363636363636364 0.011363636363636364 0.011363636363636364 0.011363636363636364 0.011363636363636364 0.011363636363636364 0.011363636363636364 0.011363636363636364 0.011363636363636364 0.011363636363636364 0.011363636363636364 0.03409090909090909 0.011363636363636364 
0.007142857142857143 0.007142857142857143 0.16428571428571428 0.007142857142857143 0.007142857142857143 0.02142857142857143 0.007142857142857143 0.007142857142857143 0.007142857142857143 0.1357142857142857 0.09285714285714286 0.007142857142857143 0.09285714285714286 0.007142857142857143 0.02142857142857143 0.05 0.1357142857142857 0.09285714285714286 0.05 0.07857142857142857 
0.09375 0.010416666666666666 0.010416666666666666 0.11458333333333333 0.03125 0.010416666666666666 0.010416666666666666 0.010416666666666666 0.010416666666666666 0.07291666666666667 0.010416666666666666 0.010416666666666666 0.13541666666666666 0.03125 0.34375 0.03125 0.03125 0.010416666666666666 0.010416666666666666 0.010416666666666666 
0.0328719723183391 0.01903114186851211 0.0017301038062283738 0.14013840830449828 0.0017301038062283738 0.00865051903114187 0.050173010380622836 0.4619377162629758 0.0017301038062283738 0.0017301038062283738 0.00865051903114187 0.02249134948096886 0.0017301038062283738 0.20588235294117646 0.029411764705882353 0.0017301038062283738 0.0017301038062283738 0.0017301038062283738 0.005190311418685121 0.0017301038062283738 
0.010416666666666666 0.010416666666666666 0.17708333333333334 0.003472222222222222 0.003472222222222222 0.03125 0.003472222222222222 0.003472222222222222 0.003472222222222222 0.003472222222222222 0.017361111111111112 0.003472222222222222 0.024305555555555556 0.003472222222222222 0.06597222222222222 0.003472222222222222 0.6215277777777778 0.003472222222222222 0.003472222222222222 0.003472222222222222 
0.010638297872340425 0.010638297872340425 0.010638297872340425 0.031914893617021274 0.010638297872340425 0.010638297872340425 0.010638297872340425 0.010638297872340425 0.010638297872340425 0.010638297872340425 0.010638297872340425 0.010638297872340425 0.010638297872340425 0.010638297872340425 0.05319148936170213 0.7340425531914894 0.010638297872340425 0.010638297872340425 0.010638297872340425 0.010638297872340425 
0.08823529411764706 0.004201680672268907 0.029411764705882353 0.046218487394957986 0.004201680672268907 0.20588235294117646 0.037815126050420166 0.004201680672268907 0.012605042016806723 0.09663865546218488 0.004201680672268907 0.004201680672268907 0.0546218487394958 0.012605042016806723 0.004201680672268907 0.07142857142857142 0.004201680672268907 0.004201680672268907 0.3067226890756303 0.004201680672268907 
0.02631578947368421 0.005263157894736842 0.005263157894736842 0.005263157894736842 0.005263157894736842 0.005263157894736842 0.005263157894736842 0.005263157894736842 0.005263157894736842 0.005263157894736842 0.005263157894736842 0.005263157894736842 0.015789473684210527 0.005263157894736842 0.06842105263157895 0.39473684210526316 0.015789473684210527 0.005263157894736842 0.3736842105263158 0.03684210526315789 
0.024305555555555556 0.010416666666666666 0.1909722222222222 0.003472222222222222 0.003472222222222222 0.052083333333333336 0.003472222222222222 0.003472222222222222 0.03125 0.003472222222222222 0.003472222222222222 0.003472222222222222 0.003472222222222222 0.003472222222222222 0.06597222222222222 0.010416666666666666 0.5659722222222222 0.010416666666666666 0.003472222222222222 0.003472222222222222 
0.4772727272727273 0.022727272727272728 0.022727272727272728 0.022727272727272728 0.022727272727272728 0.022727272727272728 0.022727272727272728 0.022727272727272728 0.022727272727272728 0.022727272727272728 0.022727272727272728 0.022727272727272728 0.022727272727272728 0.022727272727272728 0.022727272727272728 0.022727272727272728 0.022727272727272728 0.022727272727272728 0.06818181818181818 0.06818181818181818 
0.7083333333333334 0.013888888888888888 0.013888888888888888 0.013888888888888888 0.013888888888888888 0.013888888888888888 0.013888888888888888 0.013888888888888888 0.013888888888888888 0.013888888888888888 0.013888888888888888 0.013888888888888888 0.013888888888888888 0.013888888888888888 0.013888888888888888 0.013888888888888888 0.013888888888888888 0.013888888888888888 0.041666666666666664 0.013888888888888888 
0.0040650406504065045 0.044715447154471545 0.0040650406504065045 0.036585365853658534 0.2967479674796748 0.0040650406504065045 0.24796747967479674 0.028455284552845527 0.012195121951219513 0.012195121951219513 0.06910569105691057 0.0040650406504065045 0.012195121951219513 0.012195121951219513 0.0040650406504065045 0.0040650406504065045 0.0040650406504065045 0.08536585365853659 0.02032520325203252 0.09349593495934959 
0.02631578947368421 0.02631578947368421 0.02631578947368421 0.07894736842105263 0.07894736842105263 0.02631578947368421 0.02631578947368421 0.02631578947368421 0.02631578947368421 0.02631578947368421 0.02631578947368421 0.02631578947368421 0.02631578947368421 0.02631578947368421 0.07894736842105263 0.07894736842105263 0.02631578947368421 0.02631578947368421 0.13157894736842105 0.18421052631578946 
0.004166666666666667 0.004166666666666667 0.020833333333333332 0.004166666666666667 0.25416666666666665 0.020833333333333332 0.029166666666666667 0.004166666666666667 0.0125 0.12083333333333333 0.004166666666666667 0.004166666666666667 0.004166666666666667 0.004166666666666667 0.004166666666666667 0.4375 0.020833333333333332 0.004166666666666667 0.004166666666666667 0.0375 
0.0189873417721519 0.18354430379746836 0.006329113924050633 0.006329113924050633 0.006329113924050633 0.15822784810126583 0.006329113924050633 0.0189873417721519 0.006329113924050633 0.006329113924050633 0.006329113924050633 0.36075949367088606 0.006329113924050633 0.15822784810126583 0.006329113924050633 0.006329113924050633 0.006329113924050633 0.006329113924050633 0.006329113924050633 0.0189873417721519 
0.5192307692307693 0.019230769230769232 0.019230769230769232 0.019230769230769232 0.019230769230769232 0.019230769230769232 0.019230769230769232 0.019230769230769232 0.019230769230769232 0.019230769230769232 0.019230769230769232 0.019230769230769232 0.019230769230769232 0.019230769230769232 0.1346153846153846 0.019230769230769232 0.019230769230769232 0.019230769230769232 0.019230769230769232 0.019230769230769232 
0.7386363636363636 0.011363636363636364 0.03409090909090909 0.011363636363636364 0.011363636363636364 0.011363636363636364 0.011363636363636364 0.011363636363636364 0.011363636363636364 0.011363636363636364 0.011363636363636364 0.03409090909090909 0.011363636363636364 0.011363636363636364 0.011363636363636364 0.011363636363636364 0.011363636363636364 0.011363636363636364 0.011363636363636364 0.011363636363636364 
0.04326923076923077 0.03365384615384615 0.004807692307692308 0.052884615384615384 0.004807692307692308 0.004807692307692308 0.014423076923076924 0.6682692307692307 0.004807692307692308 0.004807692307692308 0.004807692307692308 0.10096153846153846 0.02403846153846154 0.004807692307692308 0.004807692307692308 0.004807692307692308 0.004807692307692308 0.004807692307692308 0.004807692307692308 0.004807692307692308 
0.01 0.01 0.01 0.01 0.25 0.09 0.03 0.05 0.01 0.01 0.01 0.01 0.01 0.01 0.03 0.37 0.01 0.01 0.05 0.01 
0.023809523809523808 0.023809523809523808 0.023809523809523808 0.023809523809523808 0.11904761904761904 0.023809523809523808 0.023809523809523808 0.023809523809523808 0.023809523809523808 0.023809523809523808 0.023809523809523808 0.023809523809523808 0.023809523809523808 0.023809523809523808 0.023809523809523808 0.30952380952380953 0.023809523809523808 0.023809523809523808 0.16666666666666666 0.023809523809523808 
0.005154639175257732 0.015463917525773196 0.02577319587628866 0.005154639175257732 0.14948453608247422 0.005154639175257732 0.005154639175257732 0.005154639175257732 0.005154639175257732 0.005154639175257732 0.04639175257731959 0.005154639175257732 0.005154639175257732 0.015463917525773196 0.015463917525773196 0.6030927835051546 0.03608247422680412 0.015463917525773196 0.02577319587628866 0.005154639175257732 
0.013888888888888888 0.013888888888888888 0.013888888888888888 0.013888888888888888 0.013888888888888888 0.013888888888888888 0.013888888888888888 0.013888888888888888 0.013888888888888888 0.013888888888888888 0.06944444444444445 0.013888888888888888 0.09722222222222222 0.013888888888888888 0.013888888888888888 0.5416666666666666 0.013888888888888888 0.013888888888888888 0.06944444444444445 0.013888888888888888 
0.08333333333333333 0.08333333333333333 0.027777777777777776 0.027777777777777776 0.1388888888888889 0.027777777777777776 0.027777777777777776 0.027777777777777776 0.027777777777777776 0.027777777777777776 0.027777777777777776 0.027777777777777776 0.027777777777777776 0.08333333333333333 0.027777777777777776 0.027777777777777776 0.027777777777777776 0.027777777777777776 0.027777777777777776 0.19444444444444445 
0.02631578947368421 0.02631578947368421 0.02631578947368421 0.02631578947368421 0.02631578947368421 0.02631578947368421 0.02631578947368421 0.02631578947368421 0.02631578947368421 0.02631578947368421 0.02631578947368421 0.02631578947368421 0.07894736842105263 0.02631578947368421 0.2894736842105263 0.02631578947368421 0.02631578947368421 0.02631578947368421 0.18421052631578946 0.02631578947368421 
0.03125 0.03125 0.03125 0.03125 0.03125 0.09375 0.03125 0.03125 0.03125 0.03125 0.03125 0.03125 0.03125 0.03125 0.03125 0.21875 0.03125 0.03125 0.03125 0.15625 
0.006666666666666667 0.006666666666666667 0.006666666666666667 0.006666666666666667 0.34 0.006666666666666667 0.006666666666666667 0.006666666666666667 0.006666666666666667 0.006666666666666667 0.006666666666666667 0.006666666666666667 0.02 0.006666666666666667 0.006666666666666667 0.12666666666666668 0.03333333333333333 0.006666666666666667 0.006666666666666667 0.38 
0.026785714285714284 0.008928571428571428 0.7589285714285714 0.008928571428571428 0.008928571428571428 0.008928571428571428 0.008928571428571428 0.008928571428571428 0.008928571428571428 0.044642857142857144 0.008928571428571428 0.008928571428571428 0.008928571428571428 0.008928571428571428 0.026785714285714284 0.008928571428571428 0.008928571428571428 0.008928571428571428 0.008928571428571428 0.008928571428571428 
