0.041666666666666664 0.041666666666666664 0.041666666666666664 0.041666666666666664 0.041666666666666664 0.041666666666666664 0.041666666666666664 0.041666666666666664 0.041666666666666664 0.041666666666666664 0.041666666666666664 0.125 0.041666666666666664 0.125 0.041666666666666664 0.041666666666666664 0.041666666666666664 0.041666666666666664 0.041666666666666664 0.041666666666666664 
0.0026455026455026454 0.0026455026455026454 0.05555555555555555 0.1931216931216931 0.013227513227513227 0.013227513227513227 0.0026455026455026454 0.0026455026455026454 0.28835978835978837 0.007936507936507936 0.023809523809523808 0.0026455026455026454 0.06084656084656084 0.2037037037037037 0.07142857142857142 0.013227513227513227 0.0291005291005291 0.0026455026455026454 0.007936507936507936 0.0026455026455026454 
0.06428571428571428 0.03571428571428571 0.007142857142857143 0.10714285714285714 0.007142857142857143 0.007142857142857143 0.007142857142857143 0.05 0.02142857142857143 0.03571428571428571 0.02142857142857143 0.007142857142857143 0.007142857142857143 0.007142857142857143 0.12142857142857143 0.007142857142857143 0.007142857142857143 0.007142857142857143 0.05 0.42142857142857143 
0.00510204081632653 0.00510204081632653 0.08673469387755102 0.00510204081632653 0.00510204081632653 0.00510204081632653 0.00510204081632653 0.00510204081632653 0.7397959183673469 0.00510204081632653 0.03571428571428571 0.00510204081632653 0.00510204081632653 0.00510204081632653 0.025510204081632654 0.00510204081632653 0.00510204081632653 0.03571428571428571 0.00510204081632653 0.00510204081632653 
0.009259259259259259 0.009259259259259259 0.009259259259259259 0.009259259259259259 0.009259259259259259 0.009259259259259259 0.009259259259259259 0.027777777777777776 0.009259259259259259 0.009259259259259259 0.75 0.009259259259259259 0.009259259259259259 0.009259259259259259 0.009259259259259259 0.009259259259259259 0.009259259259259259 0.046296296296296294 0.009259259259259259 0.027777777777777776 
0.017241379310344827 0.017241379310344827 0.017241379310344827 0.017241379310344827 0.017241379310344827 0.017241379310344827 0.017241379310344827 0.017241379310344827 0.017241379310344827 0.05172413793103448 0.017241379310344827 0.5689655172413793 0.017241379310344827 0.017241379310344827 0.017241379310344827 0.017241379310344827 0.017241379310344827 0.08620689655172414 0.017241379310344827 0.017241379310344827 
0.011111111111111112 0.011111111111111112 0.5 0.011111111111111112 0.07777777777777778 0.011111111111111112 0.011111111111111112 0.011111111111111112 0.011111111111111112 0.011111111111111112 0.011111111111111112 0.011111111111111112 0.07777777777777778 0.05555555555555555 0.03333333333333333 0.011111111111111112 0.011111111111111112 0.05555555555555555 0.011111111111111112 0.05555555555555555 
0.06923076923076923 0.25384615384615383 0.08461538461538462 0.007692307692307693 0.05384615384615385 0.007692307692307693 0.007692307692307693 0.1 0.023076923076923078 0.007692307692307693 0.05384615384615385 0.007692307692307693 0.038461538461538464 0.007692307692307693 0.2230769230769231 0.007692307692307693 0.007692307692307693 0.023076923076923078 0.007692307692307693 0.007692307692307693 
0.010638297872340425 0.010638297872340425 0.010638297872340425 0.010638297872340425 0.031914893617021274 0.010638297872340425 0.010638297872340425 0.031914893617021274 0.010638297872340425 0.010638297872340425 0.010638297872340425 0.010638297872340425 0.031914893617021274 0.010638297872340425 0.09574468085106383 0.05319148936170213 0.6063829787234043 0.010638297872340425 0.010638297872340425 0.010638297872340425 
0.0625 0.08035714285714286 0.008928571428571428 0.0625 0.008928571428571428 0.008928571428571428 0.008928571428571428 0.008928571428571428 0.008928571428571428 0.008928571428571428 0.6160714285714286 0.008928571428571428 0.026785714285714284 0.008928571428571428 0.008928571428571428 0.008928571428571428 0.026785714285714284 0.008928571428571428 0.008928571428571428 0.008928571428571428 
0.004098360655737705 0.004098360655737705 0.004098360655737705 0.004098360655737705 0.004098360655737705 0.004098360655737705 0.004098360655737705 0.004098360655737705 0.004098360655737705 0.020491803278688523 0.1762295081967213 0.004098360655737705 0.004098360655737705 0.24180327868852458 0.19262295081967212 0.004098360655737705 0.3073770491803279 0.004098360655737705 0.004098360655737705 0.004098360655737705 
0.010869565217391304 0.010869565217391304 0.010869565217391304 0.010869565217391304 0.03260869565217391 0.010869565217391304 0.010869565217391304 0.010869565217391304 0.16304347826086957 0.010869565217391304 0.010869565217391304 0.010869565217391304 0.010869565217391304 0.03260869565217391 0.3804347826086957 0.010869565217391304 0.010869565217391304 0.03260869565217391 0.010869565217391304 0.20652173913043478 
0.011904761904761904 0.011904761904761904 0.4880952380952381 0.05952380952380952 0.05952380952380952 0.10714285714285714 0.011904761904761904 0.011904761904761904 0.011904761904761904 0.011904761904761904 0.011904761904761904 0.011904761904761904 0.03571428571428571 0.011904761904761904 0.011904761904761904 0.03571428571428571 0.03571428571428571 0.011904761904761904 0.011904761904761904 0.03571428571428571 
0.007692307692307693 0.007692307692307693 0.007692307692307693 0.007692307692307693 0.038461538461538464 0.007692307692307693 0.007692307692307693 0.007692307692307693 0.007692307692307693 0.007692307692307693 0.2692307692307692 0.007692307692307693 0.038461538461538464 0.023076923076923078 0.007692307692307693 0.023076923076923078 0.19230769230769232 0.08461538461538462 0.007692307692307693 0.23846153846153847 
0.01875 0.01875 0.06875 0.00625 0.04375 0.00625 0.00625 0.01875 0.00625 0.01875 0.00625 0.00625 0.18125 0.00625 0.15625 0.00625 0.00625 0.19375 0.03125 0.19375 
0.021739130434782608 0.021739130434782608 0.2565217391304348 0.004347826086956522 0.013043478260869565 0.004347826086956522 0.06521739130434782 0.030434782608695653 0.49130434782608695 0.004347826086956522 0.0391304347826087 0.004347826086956522 0.004347826086956522 0.004347826086956522 0.004347826086956522 0.004347826086956522 0.013043478260869565 0.004347826086956522 0.004347826086956522 0.004347826086956522 
0.1 0.02 0.02 0.02 0.02 0.02 0.02 0.02 0.02 0.02 0.02 0.02 0.02 0.06 0.02 0.02 0.46 0.02 0.02 0.06 
0.009259259259259259 0.009259259259259259 0.027777777777777776 0.009259259259259259 0.1388888888888889 0.009259259259259259 0.009259259259259259 0.009259259259259259 0.027777777777777776 0.009259259259259259 0.19444444444444445 0.009259259259259259 0.009259259259259259 0.009259259259259259 0.1388888888888889 0.009259259259259259 0.027777777777777776 0.046296296296296294 0.28703703703703703 0.009259259259259259 
0.0625 0.0375 0.0125 0.0125 0.0125 0.0125 0.0125 0.0125 0.0375 0.0125 0.0125 0.0125 0.0125 0.0375 0.6125 0.0125 0.0375 0.0125 0.0125 0.0125 
0.008771929824561403 0.008771929824561403 0.008771929824561403 0.008771929824561403 0.008771929824561403 0.008771929824561403 0.008771929824561403 0.008771929824561403 0.008771929824561403 0.008771929824561403 0.008771929824561403 0.008771929824561403 0.008771929824561403 0.043859649122807015 0.008771929824561403 0.008771929824561403 0.008771929824561403 0.7280701754385965 0.07894736842105263 0.008771929824561403 
0.028688524590163935 0.004098360655737705 0.012295081967213115 0.004098360655737705 0.004098360655737705 0.004098360655737705 0.004098360655737705 0.004098360655737705 0.004098360655737705 0.004098360655737705 0.012295081967213115 0.020491803278688523 0.004098360655737705 0.004098360655737705 0.05327868852459016 0.012295081967213115 0.012295081967213115 0.004098360655737705 0.020491803278688523 0.7827868852459017 
0.02 0.002857142857142857 0.002857142857142857 0.002857142857142857 0.002857142857142857 0.002857142857142857 0.002857142857142857 0.008571428571428572 0.002857142857142857 0.002857142857142857 0.014285714285714285 0.014285714285714285 0.1 0.09428571428571429 0.025714285714285714 0.014285714285714285 0.002857142857142857 0.4942857142857143 0.18571428571428572 0.002857142857142857 
0.01953125 0.01171875 0.08984375 0.00390625 0.00390625 0.14453125 0.00390625 0.00390625 0.00390625 0.19140625 0.00390625 0.00390625 0.01953125 0.11328125 0.00390625 0.02734375 0.00390625 0.13671875 0.20703125 0.00390625 
0.7244318181818182 0.09943181818181818 0.008522727272727272 0.002840909090909091 0.002840909090909091 0.03125 0.002840909090909091 0.002840909090909091 0.008522727272727272 0.002840909090909091 0.002840909090909091 0.019886363636363636 0.03125 0.014204545454545454 0.008522727272727272 0.002840909090909091 0.019886363636363636 0.002840909090909091 0.008522727272727272 0.002840909090909091 
0.025 0.025 0.025 0.025 0.125 0.025 0.025 0.025 0.025 0.175 0.025 0.025 0.025 0.025 0.025 0.025 0.025 0.275 0.025 0.025 
0.15853658536585366 0.012195121951219513 0.012195121951219513 0.012195121951219513 0.012195121951219513 0.012195121951219513 0.012195121951219513 0.012195121951219513 0.036585365853658534 0.012195121951219513 0.012195121951219513 0.012195121951219513 0.012195121951219513 0.012195121951219513 0.012195121951219513 0.012195121951219513 0.012195121951219513 0.5975609756097561 0.012195121951219513 0.012195121951219513 
0.1640625 0.0234375 0.0078125 0.0078125 0.0078125 0.0234375 0.0078125 0.0390625 0.0078125 0.0078125 0.1015625 0.0078125 0.0546875 0.0390625 0.0234375 0.0390625 0.0078125 0.0078125 0.0078125 0.4140625 
0.01020408163265306 0.01020408163265306 0.01020408163265306 0.01020408163265306 0.01020408163265306 0.01020408163265306 0.01020408163265306 0.01020408163265306 0.01020408163265306 0.01020408163265306 0.01020408163265306 0.030612244897959183 0.01020408163265306 0.01020408163265306 0.030612244897959183 0.01020408163265306 0.030612244897959183 0.7244897959183674 0.030612244897959183 0.01020408163265306 
0.050724637681159424 0.007246376811594203 0.007246376811594203 0.09420289855072464 0.007246376811594203 0.007246376811594203 0.007246376811594203 0.007246376811594203 0.007246376811594203 0.007246376811594203 0.021739130434782608 0.021739130434782608 0.007246376811594203 0.007246376811594203 0.007246376811594203 0.06521739130434782 0.007246376811594203 0.007246376811594203 0.007246376811594203 0.644927536231884 
0.0024875621890547263 0.0024875621890547263 0.0024875621890547263 0.06218905472636816 0.0024875621890547263 0.0024875621890547263 0.022388059701492536 0.007462686567164179 0.007462686567164179 0.0024875621890547263 0.017412935323383085 0.0024875621890547263 0.0024875621890547263 0.27114427860696516 0.24129353233830847 0.012437810945273632 0.02736318407960199 0.0024875621890547263 0.06716417910447761 0.24129353233830847 
0.012195121951219513 0.012195121951219513 0.012195121951219513 0.012195121951219513 0.036585365853658534 0.012195121951219513 0.012195121951219513 0.012195121951219513 0.036585365853658534 0.524390243902439 0.036585365853658534 0.012195121951219513 0.012195121951219513 0.15853658536585366 0.012195121951219513 0.012195121951219513 0.012195121951219513 0.036585365853658534 0.012195121951219513 0.012195121951219513 
0.01 0.01 0.01 0.03 0.03 0.01 0.01 0.01 0.35 0.01 0.15 0.01 0.01 0.01 0.25 0.01 0.03 0.01 0.01 0.03 
0.007853403141361256 0.002617801047120419 0.6047120418848168 0.002617801047120419 0.01832460732984293 0.01832460732984293 0.007853403141361256 0.002617801047120419 0.002617801047120419 0.002617801047120419 0.007853403141361256 0.028795811518324606 0.08115183246073299 0.007853403141361256 0.01832460732984293 0.034031413612565446 0.002617801047120419 0.002617801047120419 0.14397905759162305 0.002617801047120419 
0.0023923444976076554 0.0023923444976076554 0.007177033492822967 0.18421052631578946 0.0215311004784689 0.050239234449760764 0.01674641148325359 0.0023923444976076554 0.1507177033492823 0.01674641148325359 0.050239234449760764 0.0023923444976076554 0.01674641148325359 0.0023923444976076554 0.007177033492822967 0.0023923444976076554 0.0023923444976076554 0.0023923444976076554 0.44258373205741625 0.01674641148325359 
0.01282051282051282 0.01282051282051282 0.023076923076923078 0.002564102564102564 0.028205128205128206 0.002564102564102564 0.002564102564102564 0.002564102564102564 0.002564102564102564 0.007692307692307693 0.01282051282051282 0.023076923076923078 0.04871794871794872 0.06923076923076923 0.01282051282051282 0.007692307692307693 0.007692307692307693 0.7051282051282052 0.002564102564102564 0.01282051282051282 
0.007389162561576354 0.0024630541871921183 0.012315270935960592 0.0024630541871921183 0.0024630541871921183 0.11576354679802955 0.05665024630541872 0.0024630541871921183 0.012315270935960592 0.0024630541871921183 0.0024630541871921183 0.027093596059113302 0.007389162561576354 0.10098522167487685 0.0024630541871921183 0.0024630541871921183 0.007389162561576354 0.007389162561576354 0.5591133004926109 0.0665024630541872 
0.009433962264150943 0.02830188679245283 0.009433962264150943 0.6320754716981132 0.009433962264150943 0.04716981132075472 0.02830188679245283 0.009433962264150943 0.02830188679245283 0.009433962264150943 0.08490566037735849 0.009433962264150943 0.009433962264150943 0.009433962264150943 0.009433962264150943 0.009433962264150943 0.009433962264150943 0.009433962264150943 0.02830188679245283 0.009433962264150943 
0.03289473684210526 0.006578947368421052 0.006578947368421052 0.006578947368421052 0.006578947368421052 0.019736842105263157 0.006578947368421052 0.046052631578947366 0.006578947368421052 0.006578947368421052 0.019736842105263157 0.006578947368421052 0.05921052631578947 0.48026315789473684 0.006578947368421052 0.006578947368421052 0.07236842105263158 0.19078947368421054 0.006578947368421052 0.006578947368421052 
0.0034965034965034965 0.017482517482517484 0.017482517482517484 0.0034965034965034965 0.0034965034965034965 0.017482517482517484 0.017482517482517484 0.0034965034965034965 0.01048951048951049 0.3321678321678322 0.01048951048951049 0.017482517482517484 0.017482517482517484 0.024475524475524476 0.017482517482517484 0.017482517482517484 0.0034965034965034965 0.23426573426573427 0.2062937062937063 0.024475524475524476 
0.0031645569620253164 0.00949367088607595 0.0031645569620253164 0.04113924050632911 0.0031645569620253164 0.0031645569620253164 0.0031645569620253164 0.00949367088607595 0.00949367088607595 0.0031645569620253164 0.0031645569620253164 0.00949367088607595 0.04746835443037975 0.0031645569620253164 0.015822784810126583 0.00949367088607595 0.00949367088607595 0.8069620253164557 0.0031645569620253164 0.0031645569620253164 
0.00684931506849315 0.02054794520547945 0.5273972602739726 0.00684931506849315 0.04794520547945205 0.00684931506849315 0.00684931506849315 0.00684931506849315 0.00684931506849315 0.00684931506849315 0.02054794520547945 0.00684931506849315 0.21232876712328766 0.02054794520547945 0.00684931506849315 0.02054794520547945 0.02054794520547945 0.00684931506849315 0.03424657534246575 0.00684931506849315 
0.30392156862745096 0.00980392156862745 0.049019607843137254 0.00980392156862745 0.00980392156862745 0.00980392156862745 0.00980392156862745 0.00980392156862745 0.00980392156862745 0.00980392156862745 0.22549019607843138 0.00980392156862745 0.06862745098039216 0.00980392156862745 0.00980392156862745 0.12745098039215685 0.00980392156862745 0.00980392156862745 0.06862745098039216 0.029411764705882353 
0.052083333333333336 0.010416666666666666 0.010416666666666666 0.03125 0.010416666666666666 0.010416666666666666 0.010416666666666666 0.010416666666666666 0.17708333333333334 0.010416666666666666 0.09375 0.010416666666666666 0.03125 0.010416666666666666 0.11458333333333333 0.010416666666666666 0.010416666666666666 0.07291666666666667 0.3020833333333333 0.010416666666666666 
0.007462686567164179 0.21641791044776118 0.007462686567164179 0.06716417910447761 0.022388059701492536 0.007462686567164179 0.007462686567164179 0.007462686567164179 0.022388059701492536 0.007462686567164179 0.03731343283582089 0.007462686567164179 0.007462686567164179 0.022388059701492536 0.022388059701492536 0.007462686567164179 0.007462686567164179 0.03731343283582089 0.4253731343283582 0.05223880597014925 
0.03 0.01 0.01 0.01 0.01 0.33 0.01 0.01 0.09 0.01 0.03 0.01 0.01 0.01 0.01 0.01 0.01 0.01 0.37 0.01 
0.01 0.03 0.01 0.01 0.01 0.01 0.05 0.01 0.11 0.03 0.01 0.43 0.01 0.01 0.01 0.01 0.01 0.09 0.13 0.01 
0.003067484662576687 0.009202453987730062 0.03987730061349693 0.003067484662576687 0.009202453987730062 0.009202453987730062 0.003067484662576687 0.003067484662576687 0.02147239263803681 0.02147239263803681 0.009202453987730062 0.015337423312883436 0.003067484662576687 0.009202453987730062 0.29141104294478526 0.009202453987730062 0.027607361963190184 0.4815950920245399 0.027607361963190184 0.003067484662576687 
0.02 0.006666666666666667 0.006666666666666667 0.006666666666666667 0.006666666666666667 0.1 0.02 0.006666666666666667 0.20666666666666667 0.02 0.006666666666666667 0.006666666666666667 0.006666666666666667 0.006666666666666667 0.03333333333333333 0.006666666666666667 0.006666666666666667 0.02 0.5 0.006666666666666667 
0.00847457627118644 0.025423728813559324 0.00847457627118644 0.0423728813559322 0.00847457627118644 0.00847457627118644 0.2288135593220339 0.0423728813559322 0.11016949152542373 0.025423728813559324 0.025423728813559324 0.09322033898305085 0.00847457627118644 0.00847457627118644 0.00847457627118644 0.00847457627118644 0.2457627118644068 0.00847457627118644 0.07627118644067797 0.00847457627118644 
0.01020408163265306 0.01020408163265306 0.6224489795918368 0.030612244897959183 0.07142857142857142 0.01020408163265306 0.030612244897959183 0.01020408163265306 0.01020408163265306 0.01020408163265306 0.01020408163265306 0.01020408163265306 0.01020408163265306 0.09183673469387756 0.01020408163265306 0.01020408163265306 0.01020408163265306 0.01020408163265306 0.01020408163265306 0.01020408163265306 
0.01 0.07 0.01 0.01 0.01 0.01 0.01 0.01 0.57 0.01 0.01 0.01 0.01 0.03 0.17 0.01 0.01 0.01 0.01 0.01 
0.0058823529411764705 0.029411764705882353 0.0058823529411764705 0.029411764705882353 0.0058823529411764705 0.0058823529411764705 0.0058823529411764705 0.0058823529411764705 0.5705882352941176 0.0058823529411764705 0.0058823529411764705 0.0058823529411764705 0.041176470588235294 0.18235294117647058 0.0058823529411764705 0.0058823529411764705 0.0058823529411764705 0.0058823529411764705 0.06470588235294118 0.0058823529411764705 
0.005319148936170213 0.005319148936170213 0.015957446808510637 0.14361702127659576 0.015957446808510637 0.005319148936170213 0.005319148936170213 0.005319148936170213 0.16489361702127658 0.005319148936170213 0.005319148936170213 0.015957446808510637 0.005319148936170213 0.005319148936170213 0.015957446808510637 0.005319148936170213 0.005319148936170213 0.005319148936170213 0.42021276595744683 0.14361702127659576 
0.0056179775280898875 0.0056179775280898875 0.0056179775280898875 0.0056179775280898875 0.11797752808988764 0.06179775280898876 0.0056179775280898875 0.03932584269662921 0.016853932584269662 0.0056179775280898875 0.0056179775280898875 0.028089887640449437 0.0056179775280898875 0.03932584269662921 0.0056179775280898875 0.6235955056179775 0.0056179775280898875 0.0056179775280898875 0.0056179775280898875 0.0056179775280898875 
0.01 0.07 0.25 0.01 0.01 0.05 0.01 0.01 0.27 0.01 0.05 0.01 0.01 0.01 0.07 0.03 0.01 0.03 0.01 0.07 
0.004807692307692308 0.05608974358974359 0.13942307692307693 0.004807692307692308 0.014423076923076924 0.02403846153846154 0.05929487179487179 0.030448717948717948 0.1330128205128205 0.0016025641025641025 0.008012820512820512 0.06891025641025642 0.20993589743589744 0.0016025641025641025 0.008012820512820512 0.011217948717948718 0.0016025641025641025 0.014423076923076924 0.20673076923076922 0.0016025641025641025 
0.003968253968253968 0.003968253968253968 0.003968253968253968 0.003968253968253968 0.003968253968253968 0.32936507936507936 0.003968253968253968 0.003968253968253968 0.49603174603174605 0.003968253968253968 0.027777777777777776 0.003968253968253968 0.003968253968253968 0.003968253968253968 0.07539682539682539 0.003968253968253968 0.003968253968253968 0.011904761904761904 0.003968253968253968 0.003968253968253968 
0.009433962264150943 0.009433962264150943 0.009433962264150943 0.14150943396226415 0.009433962264150943 0.02830188679245283 0.009433962264150943 0.16037735849056603 0.25471698113207547 0.009433962264150943 0.009433962264150943 0.009433962264150943 0.009433962264150943 0.009433962264150943 0.009433962264150943 0.009433962264150943 0.02830188679245283 0.08490566037735849 0.1792452830188679 0.009433962264150943 
0.023809523809523808 0.023809523809523808 0.007936507936507936 0.007936507936507936 0.007936507936507936 0.0873015873015873 0.007936507936507936 0.007936507936507936 0.5158730158730159 0.007936507936507936 0.023809523809523808 0.007936507936507936 0.007936507936507936 0.10317460317460317 0.007936507936507936 0.007936507936507936 0.007936507936507936 0.11904761904761904 0.007936507936507936 0.007936507936507936 
0.004464285714285714 0.004464285714285714 0.004464285714285714 0.004464285714285714 0.013392857142857142 0.004464285714285714 0.004464285714285714 0.004464285714285714 0.33482142857142855 0.04017857142857143 0.022321428571428572 0.013392857142857142 0.004464285714285714 0.004464285714285714 0.4955357142857143 0.013392857142857142 0.004464285714285714 0.004464285714285714 0.004464285714285714 0.013392857142857142 
0.05172413793103448 0.017241379310344827 0.017241379310344827 0.017241379310344827 0.017241379310344827 0.017241379310344827 0.017241379310344827 0.017241379310344827 0.5344827586206896 0.05172413793103448 0.017241379310344827 0.017241379310344827 0.017241379310344827 0.017241379310344827 0.08620689655172414 0.017241379310344827 0.017241379310344827 0.017241379310344827 0.017241379310344827 0.017241379310344827 
0.018518518518518517 0.2037037037037037 0.018518518518518517 0.018518518518518517 0.018518518518518517 0.018518518518518517 0.018518518518518517 0.018518518518518517 0.42592592592592593 0.018518518518518517 0.018518518518518517 0.018518518518518517 0.018518518518518517 0.05555555555555555 0.018518518518518517 0.018518518518518517 0.018518518518518517 0.018518518518518517 0.018518518518518517 0.018518518518518517 
0.007692307692307693 0.023076923076923078 0.007692307692307693 0.007692307692307693 0.007692307692307693 0.05384615384615385 0.13076923076923078 0.007692307692307693 0.007692307692307693 0.007692307692307693 0.023076923076923078 0.007692307692307693 0.06923076923076923 0.007692307692307693 0.007692307692307693 0.007692307692307693 0.023076923076923078 0.5769230769230769 0.007692307692307693 0.007692307692307693 
0.007246376811594203 0.007246376811594203 0.007246376811594203 0.036231884057971016 0.007246376811594203 0.007246376811594203 0.007246376811594203 0.007246376811594203 0.007246376811594203 0.021739130434782608 0.007246376811594203 0.007246376811594203 0.007246376811594203 0.007246376811594203 0.007246376811594203 0.007246376811594203 0.007246376811594203 0.7753623188405797 0.050724637681159424 0.007246376811594203 
0.007936507936507936 0.007936507936507936 0.03968253968253968 0.007936507936507936 0.007936507936507936 0.023809523809523808 0.007936507936507936 0.007936507936507936 0.007936507936507936 0.007936507936507936 0.007936507936507936 0.007936507936507936 0.03968253968253968 0.03968253968253968 0.03968253968253968 0.007936507936507936 0.007936507936507936 0.6904761904761905 0.023809523809523808 0.007936507936507936 
0.024193548387096774 0.008064516129032258 0.008064516129032258 0.008064516129032258 0.008064516129032258 0.04032258064516129 0.12096774193548387 0.024193548387096774 0.008064516129032258 0.008064516129032258 0.008064516129032258 0.12096774193548387 0.04032258064516129 0.008064516129032258 0.024193548387096774 0.024193548387096774 0.47580645161290325 0.024193548387096774 0.008064516129032258 0.008064516129032258 
0.007246376811594203 0.007246376811594203 0.007246376811594203 0.07971014492753623 0.050724637681159424 0.007246376811594203 0.050724637681159424 0.007246376811594203 0.2391304347826087 0.007246376811594203 0.050724637681159424 0.021739130434782608 0.050724637681159424 0.050724637681159424 0.2246376811594203 0.007246376811594203 0.007246376811594203 0.007246376811594203 0.06521739130434782 0.050724637681159424 
0.010638297872340425 0.11702127659574468 0.010638297872340425 0.010638297872340425 0.010638297872340425 0.010638297872340425 0.010638297872340425 0.010638297872340425 0.010638297872340425 0.031914893617021274 0.010638297872340425 0.5 0.11702127659574468 0.010638297872340425 0.010638297872340425 0.05319148936170213 0.010638297872340425 0.031914893617021274 0.010638297872340425 0.010638297872340425 
0.010638297872340425 0.35106382978723405 0.010638297872340425 0.031914893617021274 0.010638297872340425 0.010638297872340425 0.010638297872340425 0.010638297872340425 0.20212765957446807 0.010638297872340425 0.13829787234042554 0.010638297872340425 0.010638297872340425 0.031914893617021274 0.09574468085106383 0.010638297872340425 0.010638297872340425 0.010638297872340425 0.010638297872340425 0.010638297872340425 
0.01020408163265306 0.030612244897959183 0.6224489795918368 0.01020408163265306 0.01020408163265306 0.030612244897959183 0.01020408163265306 0.01020408163265306 0.01020408163265306 0.01020408163265306 0.01020408163265306 0.01020408163265306 0.1326530612244898 0.01020408163265306 0.01020408163265306 0.01020408163265306 0.01020408163265306 0.01020408163265306 0.030612244897959183 0.01020408163265306 
0.033783783783783786 0.006756756756756757 0.006756756756756757 0.08783783783783784 0.006756756756756757 0.006756756756756757 0.006756756756756757 0.02027027027027027 0.006756756756756757 0.02027027027027027 0.006756756756756757 0.006756756756756757 0.02027027027027027 0.033783783783783786 0.02027027027027027 0.11486486486486487 0.006756756756756757 0.006756756756756757 0.006756756756756757 0.5743243243243243 
0.01020408163265306 0.01020408163265306 0.01020408163265306 0.05102040816326531 0.030612244897959183 0.01020408163265306 0.030612244897959183 0.01020408163265306 0.01020408163265306 0.05102040816326531 0.05102040816326531 0.01020408163265306 0.01020408163265306 0.47959183673469385 0.09183673469387756 0.01020408163265306 0.01020408163265306 0.01020408163265306 0.07142857142857142 0.030612244897959183 
0.009259259259259259 0.009259259259259259 0.027777777777777776 0.009259259259259259 0.4351851851851852 0.027777777777777776 0.009259259259259259 0.009259259259259259 0.10185185185185185 0.009259259259259259 0.10185185185185185 0.027777777777777776 0.06481481481481481 0.027777777777777776 0.009259259259259259 0.009259259259259259 0.08333333333333333 0.009259259259259259 0.009259259259259259 0.009259259259259259 
0.004545454545454545 0.004545454545454545 0.031818181818181815 0.004545454545454545 0.004545454545454545 0.004545454545454545 0.004545454545454545 0.6409090909090909 0.004545454545454545 0.06818181818181818 0.004545454545454545 0.1409090909090909 0.004545454545454545 0.031818181818181815 0.013636363636363636 0.013636363636363636 0.004545454545454545 0.004545454545454545 0.004545454545454545 0.004545454545454545 
0.125 0.025 0.025 0.025 0.025 0.025 0.025 0.025 0.025 0.075 0.025 0.025 0.025 0.025 0.075 0.025 0.025 0.325 0.025 0.025 
0.013888888888888888 0.013888888888888888 0.013888888888888888 0.013888888888888888 0.013888888888888888 0.013888888888888888 0.125 0.013888888888888888 0.041666666666666664 0.013888888888888888 0.013888888888888888 0.2361111111111111 0.013888888888888888 0.013888888888888888 0.041666666666666664 0.3472222222222222 0.013888888888888888 0.013888888888888888 0.013888888888888888 0.013888888888888888 
0.010638297872340425 0.010638297872340425 0.010638297872340425 0.010638297872340425 0.010638297872340425 0.010638297872340425 0.010638297872340425 0.776595744680851 0.010638297872340425 0.010638297872340425 0.031914893617021274 0.010638297872340425 0.010638297872340425 0.010638297872340425 0.010638297872340425 0.010638297872340425 0.010638297872340425 0.010638297872340425 0.010638297872340425 0.010638297872340425 
0.007692307692307693 0.007692307692307693 0.007692307692307693 0.05384615384615385 0.007692307692307693 0.19230769230769232 0.007692307692307693 0.007692307692307693 0.007692307692307693 0.2846153846153846 0.007692307692307693 0.023076923076923078 0.007692307692307693 0.007692307692307693 0.007692307692307693 0.023076923076923078 0.007692307692307693 0.023076923076923078 0.3 0.007692307692307693 
0.0211864406779661 0.8008474576271186 0.0211864406779661 0.00423728813559322 0.029661016949152543 0.00423728813559322 0.00423728813559322 0.0211864406779661 0.00423728813559322 0.00423728813559322 0.029661016949152543 0.00423728813559322 0.00423728813559322 0.00423728813559322 0.00423728813559322 0.00423728813559322 0.00423728813559322 0.0211864406779661 0.00423728813559322 0.00423728813559322 
0.006097560975609756 0.018292682926829267 0.006097560975609756 0.018292682926829267 0.006097560975609756 0.29878048780487804 0.018292682926829267 0.042682926829268296 0.006097560975609756 0.16463414634146342 0.006097560975609756 0.054878048780487805 0.018292682926829267 0.03048780487804878 0.006097560975609756 0.018292682926829267 0.006097560975609756 0.018292682926829267 0.25 0.006097560975609756 
0.1388888888888889 0.027777777777777776 0.027777777777777776 0.027777777777777776 0.1388888888888889 0.027777777777777776 0.027777777777777776 0.027777777777777776 0.027777777777777776 0.027777777777777776 0.027777777777777776 0.027777777777777776 0.027777777777777776 0.027777777777777776 0.027777777777777776 0.027777777777777776 0.027777777777777776 0.25 0.027777777777777776 0.027777777777777776 
0.5214285714285715 0.007142857142857143 0.03571428571428571 0.007142857142857143 0.007142857142857143 0.007142857142857143 0.007142857142857143 0.007142857142857143 0.007142857142857143 0.007142857142857143 0.007142857142857143 0.02142857142857143 0.02142857142857143 0.007142857142857143 0.10714285714285714 0.02142857142857143 0.02142857142857143 0.02142857142857143 0.05 0.10714285714285714 
0.08783783783783784 0.006756756756756757 0.02027027027027027 0.02027027027027027 0.02027027027027027 0.006756756756756757 0.006756756756756757 0.006756756756756757 0.006756756756756757 0.006756756756756757 0.02027027027027027 0.006756756756756757 0.0472972972972973 0.006756756756756757 0.006756756756756757 0.6959459459459459 0.006756756756756757 0.006756756756756757 0.006756756756756757 0.006756756756756757 
0.0035460992907801418 0.09574468085106383 0.06028368794326241 0.01773049645390071 0.03900709219858156 0.07446808510638298 0.031914893617021274 0.0035460992907801418 0.01773049645390071 0.010638297872340425 0.010638297872340425 0.32269503546099293 0.010638297872340425 0.0035460992907801418 0.0035460992907801418 0.07446808510638298 0.010638297872340425 0.0035460992907801418 0.1524822695035461 0.05319148936170213 
0.029411764705882353 0.00980392156862745 0.00980392156862745 0.00980392156862745 0.00980392156862745 0.029411764705882353 0.00980392156862745 0.00980392156862745 0.00980392156862745 0.029411764705882353 0.00980392156862745 0.06862745098039216 0.00980392156862745 0.00980392156862745 0.049019607843137254 0.06862745098039216 0.029411764705882353 0.5588235294117647 0.029411764705882353 0.00980392156862745 
0.046296296296296294 0.009259259259259259 0.009259259259259259 0.08333333333333333 0.027777777777777776 0.009259259259259259 0.009259259259259259 0.009259259259259259 0.009259259259259259 0.32407407407407407 0.046296296296296294 0.009259259259259259 0.009259259259259259 0.10185185185185185 0.009259259259259259 0.009259259259259259 0.009259259259259259 0.027777777777777776 0.06481481481481481 0.17592592592592593 
0.007142857142857143 0.007142857142857143 0.45 0.02142857142857143 0.03571428571428571 0.007142857142857143 0.007142857142857143 0.007142857142857143 0.007142857142857143 0.02142857142857143 0.007142857142857143 0.007142857142857143 0.29285714285714287 0.03571428571428571 0.007142857142857143 0.02142857142857143 0.007142857142857143 0.007142857142857143 0.03571428571428571 0.007142857142857143 
0.03804347826086957 0.016304347826086956 0.005434782608695652 0.005434782608695652 0.20108695652173914 0.059782608695652176 0.125 0.005434782608695652 0.005434782608695652 0.11413043478260869 0.08152173913043478 0.005434782608695652 0.005434782608695652 0.02717391304347826 0.016304347826086956 0.04891304347826087 0.20108695652173914 0.02717391304347826 0.005434782608695652 0.005434782608695652 
0.03333333333333333 0.23333333333333334 0.04285714285714286 0.023809523809523808 0.004761904761904762 0.004761904761904762 0.08095238095238096 0.004761904761904762 0.15714285714285714 0.004761904761904762 0.004761904761904762 0.004761904761904762 0.004761904761904762 0.23333333333333334 0.004761904761904762 0.04285714285714286 0.004761904761904762 0.004761904761904762 0.09047619047619047 0.014285714285714285 
0.006493506493506494 0.01948051948051948 0.006493506493506494 0.006493506493506494 0.006493506493506494 0.01948051948051948 0.006493506493506494 0.05844155844155844 0.006493506493506494 0.032467532467532464 0.006493506493506494 0.4090909090909091 0.12337662337662338 0.01948051948051948 0.006493506493506494 0.11038961038961038 0.13636363636363635 0.006493506493506494 0.006493506493506494 0.006493506493506494 
0.0546875 0.0078125 0.0078125 0.0390625 0.0546875 0.0390625 0.0078125 0.0078125 0.0390625 0.0390625 0.0546875 0.0078125 0.5234375 0.0078125 0.0078125 0.0078125 0.0234375 0.0078125 0.0234375 0.0390625 
0.029411764705882353 0.029411764705882353 0.08823529411764706 0.029411764705882353 0.029411764705882353 0.029411764705882353 0.029411764705882353 0.029411764705882353 0.029411764705882353 0.029411764705882353 0.08823529411764706 0.029411764705882353 0.029411764705882353 0.029411764705882353 0.029411764705882353 0.029411764705882353 0.029411764705882353 0.029411764705882353 0.029411764705882353 0.3235294117647059 
0.023809523809523808 0.007936507936507936 0.023809523809523808 0.023809523809523808 0.007936507936507936 0.007936507936507936 0.0873015873015873 0.1349206349206349 0.007936507936507936 0.007936507936507936 0.007936507936507936 0.03968253968253968 0.007936507936507936 0.4523809523809524 0.007936507936507936 0.007936507936507936 0.023809523809523808 0.07142857142857142 0.023809523809523808 0.023809523809523808 
0.025 0.0035714285714285713 0.0035714285714285713 0.0035714285714285713 0.010714285714285714 0.15357142857142858 0.0035714285714285713 0.017857142857142856 0.0035714285714285713 0.010714285714285714 0.017857142857142856 0.0035714285714285713 0.06785714285714285 0.6392857142857142 0.010714285714285714 0.0035714285714285713 0.0035714285714285713 0.0035714285714285713 0.0035714285714285713 0.010714285714285714 
0.04054054054054054 0.013513513513513514 0.013513513513513514 0.013513513513513514 0.013513513513513514 0.013513513513513514 0.013513513513513514 0.013513513513513514 0.04054054054054054 0.36486486486486486 0.013513513513513514 0.013513513513513514 0.013513513513513514 0.013513513513513514 0.25675675675675674 0.013513513513513514 0.013513513513513514 0.06756756756756757 0.04054054054054054 0.013513513513513514 
0.36013986013986016 0.0034965034965034965 0.024475524475524476 0.0034965034965034965 0.0034965034965034965 0.08741258741258741 0.0034965034965034965 0.0034965034965034965 0.0034965034965034965 0.01048951048951049 0.045454545454545456 0.017482517482517484 0.12237762237762238 0.038461538461538464 0.0034965034965034965 0.0034965034965034965 0.0034965034965034965 0.0034965034965034965 0.1853146853146853 0.07342657342657342 
0.08823529411764706 0.00980392156862745 0.5980392156862745 0.00980392156862745 0.00980392156862745 0.00980392156862745 0.00980392156862745 0.00980392156862745 0.029411764705882353 0.00980392156862745 0.00980392156862745 0.00980392156862745 0.049019607843137254 0.029411764705882353 0.00980392156862745 0.00980392156862745 0.00980392156862745 0.00980392156862745 0.06862745098039216 0.00980392156862745 
0.007936507936507936 0.007936507936507936 0.007936507936507936 0.007936507936507936 0.023809523809523808 0.10317460317460317 0.07142857142857142 0.023809523809523808 0.007936507936507936 0.007936507936507936 0.007936507936507936 0.007936507936507936 0.05555555555555555 0.5793650793650794 0.007936507936507936 0.007936507936507936 0.007936507936507936 0.007936507936507936 0.03968253968253968 0.007936507936507936 
0.007462686567164179 0.007462686567164179 0.007462686567164179 0.007462686567164179 0.007462686567164179 0.007462686567164179 0.007462686567164179 0.3208955223880597 0.007462686567164179 0.007462686567164179 0.03731343283582089 0.06716417910447761 0.007462686567164179 0.007462686567164179 0.4253731343283582 0.007462686567164179 0.007462686567164179 0.007462686567164179 0.03731343283582089 0.007462686567164179 
0.00847457627118644 0.00847457627118644 0.00847457627118644 0.00847457627118644 0.3474576271186441 0.2966101694915254 0.025423728813559324 0.00847457627118644 0.00847457627118644 0.00847457627118644 0.00847457627118644 0.00847457627118644 0.00847457627118644 0.025423728813559324 0.00847457627118644 0.00847457627118644 0.00847457627118644 0.00847457627118644 0.0423728813559322 0.1440677966101695 
0.007246376811594203 0.007246376811594203 0.007246376811594203 0.007246376811594203 0.007246376811594203 0.007246376811594203 0.007246376811594203 0.3115942028985507 0.007246376811594203 0.007246376811594203 0.021739130434782608 0.12318840579710146 0.007246376811594203 0.007246376811594203 0.41304347826086957 0.021739130434782608 0.007246376811594203 0.007246376811594203 0.007246376811594203 0.007246376811594203 
0.00819672131147541 0.00819672131147541 0.00819672131147541 0.02459016393442623 0.00819672131147541 0.00819672131147541 0.00819672131147541 0.4016393442622951 0.00819672131147541 0.00819672131147541 0.00819672131147541 0.07377049180327869 0.040983606557377046 0.00819672131147541 0.319672131147541 0.00819672131147541 0.00819672131147541 0.00819672131147541 0.02459016393442623 0.00819672131147541 
0.029411764705882353 0.1722689075630252 0.037815126050420166 0.004201680672268907 0.004201680672268907 0.5168067226890757 0.004201680672268907 0.004201680672268907 0.004201680672268907 0.004201680672268907 0.004201680672268907 0.029411764705882353 0.02100840336134454 0.004201680672268907 0.012605042016806723 0.037815126050420166 0.004201680672268907 0.004201680672268907 0.004201680672268907 0.09663865546218488 
0.00625 0.00625 0.00625 0.01875 0.00625 0.08125 0.00625 0.01875 0.00625 0.06875 0.01875 0.00625 0.04375 0.00625 0.01875 0.64375 0.01875 0.00625 0.00625 0.00625 
0.00819672131147541 0.00819672131147541 0.6147540983606558 0.00819672131147541 0.00819672131147541 0.00819672131147541 0.00819672131147541 0.02459016393442623 0.02459016393442623 0.00819672131147541 0.00819672131147541 0.00819672131147541 0.12295081967213115 0.00819672131147541 0.00819672131147541 0.00819672131147541 0.00819672131147541 0.09016393442622951 0.00819672131147541 0.00819672131147541 
0.006578947368421052 0.006578947368421052 0.006578947368421052 0.019736842105263157 0.03289473684210526 0.046052631578947366 0.006578947368421052 0.006578947368421052 0.006578947368421052 0.046052631578947366 0.019736842105263157 0.006578947368421052 0.006578947368421052 0.5460526315789473 0.07236842105263158 0.006578947368421052 0.006578947368421052 0.006578947368421052 0.006578947368421052 0.13815789473684212 
